0 0.062453531250000006 0.2625745953125 0.341263940625 0.3069053703125 0.340520446875 0.09633418593750001 0.06468401562500001 0.007672634374999999 0.062453531250000006 0.2625745953125
0 0.0468401484375 0.5353793687499999 0.1717472125 0.5345268546875 0.17100371718750002 0.3981244671875 0.04758364375 0.388746803125 0.0468401484375 0.5353793687499999
0 0 0.908780903125 0.1843866171875 0.86530264375 0.1814126390625 0.6231884046875 0 0.6342711000000001 0 0.908780903125
0 0.22156133906250003 0.5950554140625 0.36802973906249997 0.5899403249999999 0.36579925625 0.4032395578125 0.21858736093750003 0.3878942890625 0.22156133906250003 0.5950554140625
0 0.230483271875 0.8678601875 0.37918215625 0.8320545609375 0.37918215625 0.6462063078125 0.22750929375 0.6606990625 0.230483271875 0.8678601875
0 0.4 0.312872975 0.555390334375 0.3410059671875 0.55241635625 0.150042625 0.40074349375 0.0954816703125 0.4 0.312872975
0 0.40074349375 0.57885763125 0.547955390625 0.572890025 0.5457249078124999 0.3955669234375 0.3985130109375 0.37936913906249997 0.40074349375 0.57885763125
0 0.4148698890625 0.8132992328125 0.535315984375 0.7868712703125 0.535315984375 0.6283034953125 0.4148698890625 0.6385336734375 0.4148698890625 0.8132992328125
0 0.5843866171875 0.33589087812499996 0.6914498140625 0.3563512359375 0.6877323421875 0.21398124531249998 0.5851301109375 0.17817561875000001 0.5843866171875 0.33589087812499996
0 0.5873605953125 0.5507246375 0.6877323421875 0.5498721234375 0.6869888468750001 0.4109121921875 0.5851301109375 0.39471440625 0.5873605953125 0.5507246375
0 0.5903345718749999 0.7681159421875 0.6884758359375 0.7450980390625 0.6847583640625 0.61466325625 0.589591078125 0.6231884046875 0.5903345718749999 0.7681159421875
0 0.7144981406250001 0.3034953125 0.7724907062499999 0.31713555000000004 0.7732342 0.23870417812500003 0.7144981406250001 0.21909633281250002 0.7144981406250001 0.3034953125
0 0.733828996875 0.7084398984375 0.8394052046875 0.688832053125 0.8371747218750001 0.39471440625 0.7315985125 0.375959078125 0.733828996875 0.7084398984375
0 0.8456237249999999 0.24175919218750003 0.7912873375 0.2202148640625 0.7897638875 0.33143018281250003 0.844608090625 0.3436580453125 0.8456237249999999 0.24175919218750003
0 0.8664442093750001 0.437404990625 0.9167180625 0.4426455015625 0.9162102453125 0.3279365078125 0.8654285749999999 0.313379528125 0.8664442093750001 0.437404990625
0 0.8557800578125001 0.7029242874999999 0.9106242609375 0.691860984375 0.9151946125 0.4967974640625 0.859334775 0.49563290625 0.8557800578125001 0.7029242874999999
0 0.9319525625 0.46069615625000004 0.989843665625 0.46418983125 0.98933585 0.3523922328125 0.9324603796875 0.339582090625 0.9319525625 0.46069615625000004
0 0.9304291125 0.6551773953125 0.9873045828125001 0.6435318140625 0.9878123999999999 0.516012678125 0.9324603796875 0.5165949546874999 0.9304291125 0.6551773953125