0 0.030370678125 0.5260428875 0.0800244265625 0.532270534375 0.0812137390625 0.41168064062500004 0.0312626609375 0.3924315515625 0.030370678125 0.5260428875
0 0.11719040624999999 0.54076278125 0.1570323375 0.546424278125 0.1585189765625 0.4247020859375 0.11778506250000001 0.40771759375 0.11719040624999999 0.54076278125
0 0.1740639140625 0.54689658125 0.19437180468749998 0.54913361875 0.1940361359375 0.43152936875 0.1745674140625 0.42385952656250003 0.1740639140625 0.54689658125
0 0.1268823640625 0.68271670625 0.15088259843750002 0.6792013625 0.152393103125 0.5846066390625 0.12705019687500002 0.584926215625 0.1268823640625 0.68271670625
0 0.1760576703125 0.6958193546875 0.192505384375 0.690386546875 0.193680221875 0.58300875625 0.175722003125 0.5842870625 0.1760576703125 0.6958193546875
0 0.232114165625 0.5545664234375 0.2512472203125 0.5555251546875 0.2504080515625 0.4625283140625 0.23295333437500002 0.455497625 0.232114165625 0.5545664234375
0 0.2640025890625 0.581730446875 0.28582098437500003 0.5823696015625 0.28531748437500004 0.4679611203125 0.2651774265625 0.45965212343750006 0.2640025890625 0.581730446875
0 0.2959152875 0.572652884375 0.31242125781249996 0.57133231875 0.3110342015625 0.48047743593750003 0.29674752187500003 0.4746669484375 0.2959152875 0.572652884375
0 0.34168814531249997 0.6722234953124999 0.42088906093749995 0.6714311562499999 0.4206116515625 0.4630459765625 0.3423816734375 0.4630459765625 0.34168814531249997 0.6722234953124999
0 0.459310521875 0.6315500890625 0.5675009140625 0.6320783140625 0.565836446875 0.5026629296875 0.4595879328125 0.50292704375 0.459310521875 0.6315500890625
0 0.5994032093749999 0.586122646875 0.693445628125 0.586122646875 0.691919865625 0.46780001093749995 0.5991257984375 0.46780001093749995 0.5994032093749999 0.586122646875
0 0.5944098062500001 0.6587537296875 0.640182665625 0.6590178437499999 0.6397665484374999 0.6098928203125 0.593854984375 0.6091004812499999 0.5944098062500001 0.6587537296875
0 0.6525274671875 0.663507765625 0.6994099703125001 0.663771878125 0.69968738125 0.60276176875 0.6514178203125 0.6022335421875 0.6525274671875 0.663507765625
0 0.722361590625 0.5905238015625 0.7528234281249999 0.592843928125 0.75099571875 0.448996034375 0.7215492765625 0.4656236140625 0.722361590625 0.5905238015625
0 0.8306026531249999 0.567322528125 0.848473596875 0.5669358390625 0.845833571875 0.416127565625 0.8285718640624999 0.426954825 0.8306026531249999 0.567322528125
0 0.8745276515624999 0.7394686671875 0.91169363125 0.7536224093749999 0.9078283703125001 0.380529734375 0.8676891109374999 0.3997788265625 0.8745276515624999 0.7394686671875
0 0.950643578125 0.6720968468749999 0.999702671875 0.6834198421875 0.99940534375 0.403175725 0.9488596109375 0.42525556406250004 0.950643578125 0.6720968468749999