0 0.21140914687499998 0.2786311 0.49052770625 0.2963325671875 0.49025671718749997 0.1005101015625 0.215202990625 0.05810033906249999 0.21140914687499998 0.2786311
0 0.17022219375 0.4917710125 0.253982396875 0.4914662359375 0.256221975 0.35309733906249996 0.1720138546875 0.348220903125 0.17022219375 0.4917710125
0 0.3012374859375 0.4570264 0.3384144734375 0.4573311765625 0.3388623890625 0.3918040578125 0.3012374859375 0.39088972499999997 0.3012374859375 0.4570264
0 0.37290396875 0.455807290625 0.40985699999999997 0.45611206875 0.40985699999999997 0.3924136109375 0.37223209687500003 0.3914992796875 0.37290396875 0.455807290625
0 0.45196105937500003 0.4704366015625 0.5012317671875001 0.4701318234375 0.501007809375 0.3729078640625 0.45106522812499994 0.3707744234375 0.45196105937500003 0.4704366015625
0 0.5693149281250001 0.29153232500000004 0.6315751859375001 0.29671353749999996 0.6309033125 0.18181249375 0.5704347171874999 0.1720596203125 0.5693149281250001 0.29153232500000004
0 0.5706827125 0.4808809015625 0.6372229953125 0.4798400671875 0.6364581640625 0.35265002968750003 0.5708356796875 0.3497356921875 0.5706827125 0.4808809015625
0 0.6964209015625 0.281456915625 0.7531713484375 0.28645292499999997 0.7513357546874999 0.1750835796875 0.6951971718750001 0.16529973125 0.6964209015625 0.281456915625
0 0.6941264078125 0.4846279078125 0.76265525 0.48337890625 0.76081965625 0.3362048375 0.6929026796875 0.330584328125 0.6941264078125 0.4846279078125
0 0.799308390625 0.3364130046875 0.8904762249999999 0.3430743484375 0.8889465640624999 0.231705003125 0.7980846609375 0.218382315625 0.799308390625 0.3364130046875
0 0.8156757703125 0.47088888593749995 0.8796156281249999 0.4704725515625 0.8793096953124999 0.3905364234375 0.8167465328124999 0.3869975859375 0.8156757703125 0.47088888593749995
0 0.933612684375 0.4779665640625 0.98439745 0.477133896875 0.98439745 0.35265002968750003 0.9349893796875 0.3486948578125 0.933612684375 0.4779665640625
0 0.9313181921875 0.30164911562499996 0.9739957515625 0.304563453125 0.9718542250000001 0.1944431109375 0.9300944624999999 0.187989934375 0.9313181921875 0.30164911562499996