0 0.11125319687499999 0.8329070765625 0.27365728906250003 0.8209718671875 0.2800511515625 0.5490196078125 0.1297953953125 0.5225916453125 0.11125319687499999 0.8329070765625
0 0.3682864453125 0.7689684578125 0.41687979531249997 0.7672634265625 0.41755030781249997 0.666143940625 0.3702046046875 0.6615515765625 0.3682864453125 0.7689684578125
0 0.47442455156249996 0.5473145781250001 0.565217390625 0.5686274499999999 0.5581841437499999 0.3086104015625 0.4712276203125 0.2557544765625 0.47442455156249996 0.5473145781250001
0 0.728049165625 0.589723925 0.766558990625 0.599781475 0.7562367703125 0.4483888921875 0.71891796875 0.42827379531250004 0.728049165625 0.589723925
0 0.7228880546875 0.763348984375 0.7661619828124999 0.75858488125 0.7602068546875 0.6627734921874999 0.716138909375 0.658009390625 0.7228880546875 0.763348984375
0 0.7963346296875 0.602428196875 0.8229342015625001 0.6082509890625001 0.8153910390625001 0.48861908906249996 0.7887914687500001 0.47379743750000003 0.7963346296875 0.602428196875
0 0.7959376203125 0.7818760484375 0.8483427453125 0.7755239125 0.8407995843749999 0.650598565625 0.78998249375 0.6415997046874999 0.7959376203125 0.7818760484375
0 0.8491367625 0.619896571875 0.8701782140625 0.626248709375 0.8610470187500001 0.5066168078125 0.84119659375 0.4955005703125 0.8491367625 0.619896571875
0 0.869384196875 0.7517034015624999 0.8928077 0.75117405625 0.8876465890624999 0.6807712125000001 0.8658111203125 0.6786538328125 0.869384196875 0.7517034015624999
0 0 0.3350383625 0.4092071609375 0.4663256609375 0.4111253203125 0.16709292343749998 0.14897698125 0 0 0.0008525140625 0 0.3350383625
0 0.9756628296875001 0.54382896875 0.9263762296875001 0.5083181296875 0.9401519875 0.6348510109375 0.9888263296875 0.6495451515624999 0.9756628296875001 0.54382896875
0 0.48760358437500007 0.820067859375 0.57117083125 0.8108647812499999 0.56698014375 0.61201253125 0.486617540625 0.5968931859375 0.48760358437500007 0.820067859375