0 0.12647672031249999 0.3122406640625 0.2522585125 0.31846473125 0.2494788046875 0.0871369296875 0.1216122296875 0.07053941875 0.12647672031249999 0.3122406640625
0 0.1306462828125 0.550829875 0.24669909687499997 0.5477178421875 0.2432244609375 0.35062240624999996 0.12439193906249998 0.3475103734375 0.1306462828125 0.550829875
0 0.10910354375 0.8589211625000001 0.2988186234375 0.8340248953125 0.296038915625 0.6006224062500001 0.10493398281249999 0.61203319375 0.10910354375 0.8589211625000001
0 0.2758860328125 0.3464730296875 0.4544822796875 0.34854771875 0.4523974984375 0.15560165937499998 0.2717164703125 0.14626555937500002 0.2758860328125 0.3464730296875
0 0.2897845734375 0.543568465625 0.4503127171875 0.54045643125 0.4489228640625 0.396265559375 0.2876997921875 0.3941908703125 0.2897845734375 0.543568465625
0 0.33842946406249996 0.8049792531250001 0.44961779062499996 0.7966804984375 0.447533009375 0.5819502062499999 0.334259903125 0.585062240625 0.33842946406249996 0.8049792531250001
0 0.4736572296875 0.3719730953125 0.593267646875 0.369847534375 0.5918437140624999 0.11123766875 0.4731825859375 0.109820628125 0.4736572296875 0.3719730953125
0 0.4817261859375 0.6100358765625 0.5889958453124999 0.6064932749999999 0.5880465578125 0.39606278281249996 0.47840367500000003 0.4003139015625 0.4817261859375 0.6100358765625
0 0.47124601093749996 0.90309399375 0.601773253125 0.8969440390625 0.5984507421874999 0.646878925 0.46887278906249996 0.6490044875 0.47124601093749996 0.90309399375
0 0.6019963359375 0.2249268171875 0.65425944375 0.22064027031250003 0.6536851234375 0.12890816249999998 0.6014220156250001 0.134909328125 0.6019963359375 0.2249268171875
0 0.6284150484375 0.4572576703125 0.7226035078125 0.4529711234375 0.7203062265625 0.2849384765625 0.6278407296874999 0.2926542609375 0.6284150484375 0.4572576703125
0 0.6152056921875 0.7821779390625 0.7668261359375 0.7847498671875 0.7651031765625 0.50955354375 0.6117597734375 0.5172693296875 0.6152056921875 0.7821779390625
0 0.7806098125 0.34923668281250003 0.9218924984375001 0.3380916609375 0.9195952203125 0.1083327359375 0.7806098125 0.131480090625 0.7806098125 0.34923668281250003
0 0.7880759703125 0.626147625 0.9201695390625 0.625290315625 0.9172979390625 0.375813275 0.7846300515625 0.386958296875 0.7880759703125 0.626147625