0 0.039607990625 0.5253415015625 0.0897368546875 0.527545109375 0.091902915625 0.4151610609375 0.040226865625000004 0.4107538421875 0.039607990625 0.5253415015625
0 0.12717878437500002 0.5330541328125 0.1720472125 0.5330541328125 0.1723566484375 0.4162628640625 0.126869346875 0.41405925625 0.12717878437500002 0.5330541328125
0 0.20206264375 0.5314014265625 0.242289509375 0.5314014265625 0.2435272578125 0.427280909375 0.20268151875 0.4239754953125 0.20206264375 0.5314014265625
0 0.270138878125 0.530299621875 0.3013920578125 0.5314014265625 0.3029392453125 0.4344426375 0.27168606562500003 0.43278993281249994 0.270138878125 0.530299621875
0 0.32614705312500003 0.5341559359375 0.354615296875 0.5347068375 0.3567813578125 0.44160436562500005 0.3273848015625 0.43774805156249996 0.32614705312500003 0.5341559359375
0 0.4004120359375 0.5336050359375 0.4013403484375 0.44931699687500004 0.3765853546875 0.44711338906250003 0.376275915625 0.5330541328125 0.4004120359375 0.5336050359375
0 0.42021603281250003 0.5341559359375 0.44156721406250005 0.535257740625 0.44342384062500007 0.45317331406249994 0.42114434375 0.4526224109375 0.42021603281250003 0.5341559359375
0 0.49169607812500005 0.5462757859375 0.521711509375 0.5479284921875001 0.521711509375 0.46529316249999997 0.49169607812500005 0.4663949640625 0.49169607812500005 0.5462757859375
0 0.5365645078125 0.5545393171875 0.5746253109375 0.5556411234375 0.5736969984375 0.46143684531250007 0.53780225625 0.46529316249999997 0.5365645078125 0.5545393171875
0 0.59411986875 0.5650064593749999 0.638369421875 0.5743718 0.639916609375 0.4592332359375 0.59535761875 0.46088594531249993 0.59411986875 0.5650064593749999
0 0.661267790625 0.44105346250000005 0.6600300421874999 0.6112822453125 0.697781409375 0.6223002906249999 0.7008757812499999 0.4294845171875 0.661267790625 0.44105346250000005
0 0.7265590890625 0.6344201390624999 0.7732841421875001 0.653701715625 0.777925703125 0.4157119609375 0.7287251515625 0.427280909375 0.7265590890625 0.6344201390624999
0 0.8110200359374999 0.6419124078125 0.8828404640624999 0.6691820671875 0.8872654203125 0.4098173078125 0.8125826953124999 0.43223902968749994 0.8110200359374999 0.6419124078125
0 0.93369034375 0.6689942109375 0.998764415625 0.6931914890625 0.9995881375 0.3676281171875 0.93369034375 0.3947583984375 0.93369034375 0.6689942109375