0 0.08895065937499999 0.4716446125 0.2411396796875 0.4716446125 0.24252953437500002 0.25803402656249996 0.08756080625 0.2457466921875 0.08895065937499999 0.4716446125
0 0.09381515 0.6408317578125 0.1494093125 0.6370510390625 0.15218902031249998 0.5510396984375 0.09312022187499999 0.5538752359375 0.09381515 0.6408317578125
0 0.195274496875 0.6304347828125 0.24600416875 0.625708884375 0.2453092421875 0.5500945171875 0.19666435 0.5519848781250001 0.195274496875 0.6304347828125
0 0.2974287703125 0.42816635156249994 0.39124391875 0.42816635156249994 0.39124391875 0.2741020796875 0.2974287703125 0.2665406421875 0.2974287703125 0.42816635156249994
0 0.3085476015625 0.6200378078125001 0.3863794296875 0.61342155 0.3863794296875 0.48676748593749997 0.30646282187499996 0.4896030234375 0.3085476015625 0.6200378078125001
0 0.44266852031250004 0.44517958437500005 0.57887421875 0.44706994375000003 0.5816539265625 0.2911153109375 0.44544822812499996 0.2788279765625 0.44266852031250004 0.44517958437500005
0 0.4697706734375 0.6181474484375 0.5566365531249999 0.6124763703125 0.55802640625 0.5103969765625 0.4697706734375 0.51417769375 0.4697706734375 0.6181474484375
0 0.6221829671875 0.42898725937500004 0.6872092656250001 0.4296328296875 0.6886332000000001 0.2985820421875 0.62313225625 0.2934174796875 0.6221829671875 0.42898725937500004
0 0.6283533453125 0.5923165640625 0.6834121093750001 0.5890887109375 0.6824628203125 0.486443021875 0.6302519234374999 0.48902530312500003 0.6283533453125 0.5923165640625
0 0.72043438125 0.466430340625 0.7987507265625 0.466430340625 0.7987507265625 0.3140757328125 0.7213836703125 0.3063288875 0.72043438125 0.466430340625
0 0.7427426734375 0.5923165640625 0.7797649453125 0.5897342828125 0.7826128125 0.5142025484375 0.7427426734375 0.51484811875 0.7427426734375 0.5923165640625
0 0.8277040421875 0.44512651718749996 0.8865599609375 0.44835437031250003 0.888933184375 0.32892385156250004 0.8281786859375 0.324404859375 0.8277040421875 0.44512651718749996
0 0.839095509375 0.588443140625 0.8822881609375001 0.587152 0.8827628046875 0.489670875 0.838620865625 0.49160758437499996 0.839095509375 0.588443140625
0 0.9136146984375 0.4606202078125 0.9724706187500001 0.46255691875 0.9729452625 0.33602512500000004 0.9140893437500001 0.3308605609375 0.9136146984375 0.4606202078125
0 0.927854034375 0.5819874375 0.9625030828125001 0.5819874375 0.9639270171875 0.501291140625 0.928328678125 0.50258228125 0.927854034375 0.5819874375